Folder	CrystalPredictor_Ulatt(kJ/mol)	CrystalPredictor_Density(g/cm3)
1	-71.7769	1.4059
2	-71.7707	1.4655
3	-70.8973	1.3969
4	-70.4093	1.3120
5	-70.3494	1.3513
6	-70.2507	1.4059
7	-70.2479	1.3899
8	-70.1534	1.3677
9	-69.9862	1.3867
10	-68.9269	1.4022
11	-68.9160	1.3411
12	-68.8633	1.3102
13	-68.6928	1.3218
14	-68.3586	1.3726
15	-68.1427	1.3313
16	-68.0550	1.3922
17	-67.9824	1.3910
18	-67.2780	1.3482
19	-67.1933	1.3110
20	-67.1017	1.3766
21	-67.0875	1.2960
22	-67.0455	1.3161
23	-66.9049	1.2932
24	-66.8714	1.3218
25	-66.8681	1.3182
26	-66.7740	1.3107
27	-66.7401	1.2905
28	-66.5182	1.2963
29	-66.0792	1.3552
30	-66.0562	1.3551
31	-65.9357	1.3282
32	-65.9339	1.2891
33	-65.9289	1.3959
34	-65.9289	1.3235
35	-65.9165	1.3544
36	-65.7731	1.3198
37	-65.5138	1.3207
38	-65.5110	1.3484
39	-65.5016	1.2923
40	-65.4921	1.3440
41	-65.4899	1.3173
42	-65.3183	1.3140
43	-65.3098	1.3557
44	-65.1090	1.2822
45	-65.0975	1.3338
46	-64.8884	1.3676
47	-64.8784	1.2934
48	-64.7736	1.3691
49	-64.6673	1.3275
50	-64.6144	1.2946
51	-64.5850	1.3642
52	-64.4919	1.2919
53	-64.3896	1.2964
54	-64.3521	1.2942
55	-64.3298	1.3293
56	-64.2704	1.3754
57	-64.2026	1.3303
58	-64.1040	1.3041
59	-64.1038	1.3802
60	-64.0840	1.2924
61	-63.9954	1.3001
62	-63.9061	1.2715
63	-63.8277	1.3168
64	-63.7694	1.3983
65	-63.7344	1.3488
66	-63.6581	1.2837
67	-63.6247	1.3545
68	-63.5616	1.2869
69	-63.5548	1.2735
70	-63.5392	1.3108
71	-63.4854	1.2949
72	-63.4702	1.3427
73	-63.4019	1.3629
74	-63.2777	1.3141
75	-63.2637	1.3518
76	-63.1896	1.3476
77	-63.0993	1.3069
78	-63.0632	1.2715
79	-63.0505	1.2878
80	-62.9775	1.2941
81	-62.9748	1.3121
82	-62.9574	1.3488
83	-62.9307	1.2459
84	-62.8638	1.2801
85	-62.8094	1.2802
86	-62.8092	1.2802
87	-62.7997	1.2704
88	-62.7922	1.3580
89	-62.7534	1.2685
90	-62.7412	1.3695
91	-62.6430	1.3563
92	-62.6281	1.2880
93	-62.5878	1.3453
94	-62.5618	1.3209
95	-62.4499	1.2717
96	-62.4424	1.2778
97	-62.4367	1.2568
98	-62.4023	1.3492
99	-62.3479	1.3309
100	-62.3426	1.2362
101	-62.3325	1.2921
102	-62.2837	1.3719
103	-62.2402	1.2988
104	-62.1504	1.2600
105	-62.1241	1.3571
106	-62.1112	1.2595
107	-62.0479	1.2590
108	-62.0432	1.3973
109	-62.0204	1.2569
110	-61.9595	1.2681
111	-61.9557	1.3307
112	-61.9301	1.2837
113	-61.9099	1.2481
114	-61.8811	1.3317
115	-61.8256	1.2568
116	-61.8094	1.2488
117	-61.7855	1.2801
118	-61.7252	1.3842
119	-61.6837	1.2835
120	-61.6747	1.3607
121	-61.6745	1.2607
122	-61.6395	1.2345
123	-61.6257	1.3407
124	-61.5984	1.2734
125	-61.5637	1.2653
126	-61.5249	1.3501
127	-61.4912	1.3302
128	-61.4897	1.2171
129	-61.4778	1.2971
130	-61.4774	1.2416
131	-61.4309	1.2762
132	-61.4057	1.2474
133	-61.3180	1.2360
134	-61.3175	1.3153
135	-61.3133	1.2426
136	-61.2722	1.3292
137	-61.2674	1.3167
138	-61.2467	1.2382
139	-61.2262	1.2828
140	-61.2218	1.2617
141	-61.2126	1.3575
142	-61.1872	1.2651
143	-61.1841	1.2672
144	-61.1803	1.3287
145	-61.1286	1.2353
146	-61.1260	1.2715
147	-61.1249	1.2664
148	-61.1185	1.2915
149	-61.0918	1.2437
150	-61.0296	1.2539
151	-60.9875	1.2614
152	-60.9541	1.2769
153	-60.9496	1.3325
154	-60.9360	1.3103
155	-60.9052	1.2828
156	-60.8603	1.2804
157	-60.8460	1.2817
158	-60.8000	1.2762
159	-60.7794	1.2560
160	-60.7697	1.2967
161	-60.7665	1.3491
162	-60.7473	1.3452
163	-60.7385	1.2860
164	-60.7376	1.3008
165	-60.7357	1.2426
166	-60.6904	1.3108
167	-60.6164	1.2298
168	-60.5707	1.2440
169	-60.5659	1.2473
170	-60.5559	1.2549
171	-60.5535	1.3024
172	-60.5473	1.2623
173	-60.5450	1.3013
174	-60.5386	1.3621
175	-60.5240	1.2304
176	-60.4979	1.2667
177	-60.4638	1.3288
178	-60.4610	1.2433
179	-60.4513	1.2911
180	-60.4147	1.2524
181	-60.4121	1.2456
182	-60.3875	1.3361
183	-60.3481	1.2575
184	-60.3355	1.2563
185	-60.3312	1.3706
186	-60.3307	1.2268
187	-60.2806	1.2448
188	-60.2802	1.2609
189	-60.2743	1.2658
190	-60.2588	1.2693
191	-60.2571	1.2356
192	-60.2464	1.2771
193	-60.2096	1.2492
194	-60.2044	1.2411
195	-60.1801	1.2172
196	-60.1262	1.2496
197	-60.1144	1.2379
198	-60.0756	1.2764
199	-60.0242	1.2926
200	-59.9855	1.2763
201	-59.9711	1.3409
202	-59.9695	1.2824
203	-59.9655	1.3188
204	-59.9502	1.2429
205	-59.9439	1.2295
206	-59.8527	1.2313
207	-59.8464	1.2661
208	-59.8428	1.2668
209	-59.8391	1.2797
210	-59.8305	1.2934
211	-59.8182	1.3417
212	-59.7880	1.2656
213	-59.7686	1.3538
214	-59.7587	1.2878
215	-59.7265	1.2414
216	-59.6740	1.2593
217	-59.6691	1.3178
218	-59.6652	1.2704
219	-59.6472	1.2683
220	-59.6003	1.2800
221	-59.5709	1.2699
222	-59.5595	1.3253
223	-59.5254	1.2348
224	-59.5150	1.2802
225	-59.4827	1.2472
226	-59.4823	1.2262
227	-59.4716	1.2155
228	-59.4687	1.2364
229	-59.4578	1.3164
230	-59.4566	1.2697
231	-59.4503	1.2400
232	-59.4362	1.2280
233	-59.4189	1.3241
234	-59.4185	1.2308
235	-59.3360	1.2515
236	-59.3152	1.2412
237	-59.3065	1.3269
238	-59.2618	1.2225
239	-59.2591	1.2630
240	-59.2565	1.2630
241	-59.2445	1.2625
242	-59.2430	1.2459
243	-59.2342	1.3098
244	-59.2339	1.3237
245	-59.2066	1.3105
246	-59.1860	1.2241
247	-59.1620	1.2691
248	-59.1485	1.2369
249	-59.1261	1.3297
250	-59.0930	1.2543
251	-59.0616	1.2568
252	-59.0585	1.2304
253	-59.0562	1.2587
254	-59.0553	1.2488
255	-59.0385	1.2132
256	-59.0303	1.2518
257	-59.0299	1.2573
258	-59.0236	1.2575
259	-59.0109	1.2840
260	-58.9913	1.3485
261	-58.9875	1.3378
262	-58.9732	1.2733
263	-58.9728	1.2496
264	-58.9658	1.3017
265	-58.9446	1.2962
266	-58.9350	1.2372
267	-58.9197	1.2375
268	-58.8591	1.2622
269	-58.8514	1.2455
270	-58.8485	1.3010
271	-58.8419	1.2201
272	-58.8366	1.2550
273	-58.8346	1.2235
274	-58.8260	1.2190
275	-58.8236	1.2348
276	-58.8154	1.3618
277	-58.8153	1.3155
278	-58.8116	1.2779
279	-58.8078	1.2205
280	-58.7918	1.2531
281	-58.7893	1.2232
282	-58.7711	1.3334
283	-58.7572	1.2456
284	-58.7568	1.2716
285	-58.7394	1.2786
286	-58.7330	1.3472
287	-58.7229	1.2583
288	-58.7099	1.2802
289	-58.6894	1.3210
290	-58.6823	1.2122
291	-58.6620	1.2294
292	-58.6571	1.2305
293	-58.6485	1.2061
294	-58.6365	1.3047
295	-58.6337	1.2451
296	-58.6208	1.2458
297	-58.6123	1.2195
298	-58.6091	1.2453
299	-58.6007	1.2670
300	-58.5897	1.2479
301	-58.5282	1.2135
302	-58.5187	1.2494
303	-58.5057	1.2365
304	-58.4990	1.2082
305	-58.4865	1.3026
306	-58.4748	1.2185
307	-58.4467	1.2640
308	-58.4404	1.2038
309	-58.4338	1.2898
310	-58.4263	1.2343
311	-58.4132	1.3766
312	-58.4037	1.3063
313	-58.3888	1.2169
314	-58.3795	1.2651
315	-58.3450	1.1957
316	-58.3233	1.1979
317	-58.3187	1.2489
318	-58.3183	1.2097
319	-58.3180	1.3192
320	-58.2868	1.2134
321	-58.2696	1.1928
322	-58.2669	1.3081
323	-58.2582	1.2109
324	-58.2282	1.3166
325	-58.2110	1.2148
326	-58.2044	1.2443
327	-58.1884	1.2552
328	-58.1739	1.2383
329	-58.1731	1.2726
330	-58.1321	1.2360
331	-58.1210	1.2008
332	-58.1195	1.2443
333	-58.1020	1.2455
334	-58.1005	1.2720
335	-58.0915	1.2119
336	-58.0785	1.3067
337	-58.0706	1.2272
338	-58.0597	1.2662
339	-58.0507	1.1923
340	-58.0341	1.2336
341	-58.0262	1.2504
342	-58.0209	1.2271
343	-58.0108	1.2997
344	-57.9957	1.2038
345	-57.9900	1.2052
346	-57.9890	1.2135
347	-57.9881	1.2546
348	-57.9772	1.2998
349	-57.9772	1.1898
350	-57.9574	1.2263
351	-57.9523	1.2563
352	-57.9359	1.3824
353	-57.9247	1.2675
354	-57.9115	1.2496
355	-57.9076	1.3533
356	-57.8994	1.1858
357	-57.8881	1.2911
358	-57.8855	1.2442
359	-57.8764	1.2512
360	-57.8634	1.2044
361	-57.8395	1.2813
362	-57.8306	1.1982
363	-57.8256	1.2414
364	-57.8150	1.3177
365	-57.7856	1.2774
366	-57.7790	1.2607
367	-57.7412	1.2210
368	-57.7379	1.1743
369	-57.7289	1.1675
370	-57.7081	1.2403
371	-57.7081	1.2663
372	-57.6470	1.2741
373	-57.6355	1.1954
374	-57.6273	1.2007
375	-57.5934	1.2298
376	-57.5459	1.2213
377	-57.5373	1.2335
378	-57.5266	1.2882
379	-57.5201	1.2833
380	-57.5082	1.2391
381	-57.4998	1.1717
382	-57.4687	1.2062
383	-57.4595	1.2232
384	-57.4585	1.1571
385	-57.4500	1.2778
386	-57.4475	1.2778
387	-57.4436	1.2096
388	-57.4366	1.1969
389	-57.4360	1.2118
390	-57.4052	1.1694
391	-57.4039	1.2155
392	-57.3916	1.1764
393	-57.3903	1.1563
394	-57.3724	1.2054
395	-57.3680	1.2698
396	-57.3506	1.2158
397	-57.3421	1.2109
398	-57.3346	1.2115
399	-57.3328	1.2142
400	-57.3206	1.2595
401	-57.3202	1.2275
402	-57.3173	1.2177
403	-57.3171	1.2282
404	-57.3144	1.2181
405	-57.3082	1.2103
406	-57.2746	1.2028
407	-57.2632	1.2678
408	-57.2630	1.2407
409	-57.2620	1.2504
410	-57.2563	1.2618
411	-57.2558	1.3434
412	-57.2550	1.1845
413	-57.2534	1.1851
414	-57.2500	1.2357
415	-57.2467	1.2219
416	-57.2368	1.3403
417	-57.2166	1.2845
418	-57.2108	1.2126
419	-57.1864	1.2176
420	-57.1847	1.2309
421	-57.1831	1.2123
422	-57.1795	1.2068
423	-57.1615	1.2238
424	-57.1517	1.3122
425	-57.1360	1.2154
426	-57.1311	1.1758
427	-57.1306	1.1964
428	-57.1293	1.3293
429	-57.1238	1.2287
430	-57.1229	1.2022
431	-57.1119	1.3068
432	-57.1088	1.1852
433	-57.0736	1.2435
434	-57.0299	1.2477
435	-57.0246	1.2281
436	-57.0200	1.2461
437	-57.0133	1.2347
438	-56.9934	1.2492
439	-56.9892	1.2110
440	-56.9580	1.1774
441	-56.9512	1.2280
442	-56.9400	1.2229
443	-56.9348	1.2487
444	-56.9217	1.2139
445	-56.9067	1.2701
446	-56.9063	1.2466
447	-56.8996	1.2263
448	-56.8715	1.2643
449	-56.8490	1.2265
450	-56.8446	1.2436
451	-56.8405	1.2718
452	-56.7877	1.2145
453	-56.7693	1.1963
454	-56.7496	1.1397
455	-56.7480	1.2092
456	-56.7428	1.2114
457	-56.7351	1.2977
458	-56.7339	1.2315
459	-56.7327	1.2255
460	-56.7081	1.2098
461	-56.7027	1.2163
462	-56.6631	1.2397
463	-56.6432	1.1480
464	-56.6239	1.2487
465	-56.6064	1.1455
466	-56.6036	1.1896
467	-56.6026	1.2201
468	-56.5947	1.2234
469	-56.5794	1.2900
470	-56.5775	1.3180
471	-56.5775	1.2489
472	-56.5765	1.2958
473	-56.5753	1.2281
474	-56.5582	1.2212
475	-56.5369	1.2205
476	-56.5330	1.1730
477	-56.5302	1.2937
478	-56.5172	1.2541
479	-56.4974	1.2132
480	-56.4971	1.2494
481	-56.4703	1.2468
482	-56.4701	1.1669
483	-56.4615	1.2995
484	-56.4519	1.1933
485	-56.4466	1.2897
486	-56.4464	1.2917
487	-56.4206	1.2305
488	-56.4177	1.2140
489	-56.4126	1.2552
490	-56.4043	1.2498
491	-56.4037	1.2623
492	-56.3975	1.3270
493	-56.3957	1.2118
494	-56.3880	1.2460
495	-56.3790	1.2018
496	-56.3749	1.1926
497	-56.3746	1.2788
498	-56.3511	1.2304
499	-56.3483	1.1762
500	-56.3470	1.1762
501	-56.3403	1.1597
502	-56.3082	1.2497
503	-56.3033	1.2241
504	-56.2979	1.2050
505	-56.2924	1.1812
506	-56.2886	1.2380
507	-56.2789	1.1813
508	-56.2784	1.2352
509	-56.2453	1.3240
510	-56.2260	1.2024
511	-56.2134	1.2779
512	-56.1887	1.2900
513	-56.1868	1.2002
514	-56.1858	1.3294
515	-56.1724	1.2028
516	-56.1678	1.2666
517	-56.1476	1.2631
518	-56.1410	1.2309
519	-56.1371	1.2136
520	-56.1024	1.1906
521	-56.0977	1.1895
522	-56.0814	1.2507
523	-56.0783	1.2384
524	-56.0605	1.2360
525	-56.0550	1.1278
526	-56.0483	1.2028
527	-56.0460	1.1988
528	-56.0312	1.2187
529	-56.0289	1.3012
530	-56.0287	1.3373
531	-56.0239	1.1954
532	-56.0008	1.2157
533	-55.9892	1.2745
534	-55.9689	1.2502
535	-55.9510	1.2325
536	-55.9392	1.1850
537	-55.9368	1.2865
538	-55.9341	1.2379
539	-55.9315	1.2381
540	-55.9241	1.2596
541	-55.9239	1.2735
542	-55.9204	1.2373
543	-55.8968	1.3007
544	-55.8939	1.2213
545	-55.8856	1.2356
546	-55.8828	1.2378
547	-55.8669	1.2410
548	-55.8625	1.2511
549	-55.8565	1.2172
550	-55.8410	1.1481
551	-55.8410	1.1481
552	-55.8297	1.2459
553	-55.8252	1.2680
554	-55.8190	1.2751
555	-55.8106	1.2724
556	-55.8099	1.3356
557	-55.7960	1.1821
558	-55.7914	1.2966
559	-55.7473	1.1691
560	-55.7435	1.1269
561	-55.7387	1.3429
562	-55.7204	1.2812
563	-55.7170	1.2812
564	-55.7151	1.2470
565	-55.6971	1.1990
566	-55.6969	1.3206
567	-55.6956	1.2631
568	-55.6799	1.2330
569	-55.6773	1.2207
570	-55.6770	1.2521
571	-55.6750	1.2253
572	-55.6495	1.2824
573	-55.6379	1.3271
574	-55.6232	1.2422
575	-55.6167	1.2396
576	-55.6039	1.1958
577	-55.5980	1.3004
578	-55.5919	1.2551
579	-55.5877	1.2183
580	-55.5873	1.2360
581	-55.5858	1.2182
582	-55.5680	1.3297
583	-55.5603	1.3432
584	-55.5570	1.2381
585	-55.5527	1.2495
586	-55.5510	1.2578
587	-55.5412	1.2501
588	-55.5411	1.2213
589	-55.5370	1.1980
590	-55.5342	1.2498
591	-55.5168	1.1366
592	-55.4934	1.2382
593	-55.4840	1.2169
594	-55.4785	1.3106
595	-55.4682	1.2186
596	-55.4402	1.1490
597	-55.4385	1.2420
598	-55.4362	1.2701
599	-55.4053	1.2832
600	-55.3815	1.2372
601	-55.3771	1.2193
602	-55.3671	1.0875
603	-55.3583	1.2211
604	-55.3470	1.1429
605	-55.3464	1.1487
606	-55.3445	1.2738
607	-55.3305	1.2247
608	-55.3257	1.1913
609	-55.3256	1.2623
610	-55.3161	1.2600
611	-55.3134	1.1108
612	-55.3075	1.2251
613	-55.3060	1.2420
614	-55.3049	1.1667
615	-55.2772	1.2367
616	-55.2723	1.2564
617	-55.2585	1.2303
618	-55.2568	1.2472
619	-55.2443	1.2099
620	-55.2222	1.1795
621	-55.2048	1.2334
622	-55.1970	1.2533
623	-55.1891	1.2406
624	-55.1862	1.1889
625	-55.1816	1.3011
626	-55.1766	1.1345
627	-55.1756	1.1183
628	-55.1579	1.1888
629	-55.1361	1.2563
630	-55.1361	1.2562
631	-55.1289	1.2158
632	-55.1280	1.2122
633	-55.1193	1.1373
634	-55.1002	1.2036
635	-55.1001	1.2817
636	-55.0882	1.3092
637	-55.0876	1.2483
638	-55.0872	1.2016
639	-55.0840	1.2971
640	-55.0767	1.2050
641	-55.0757	1.2333
642	-55.0699	1.2163
643	-55.0579	1.2064
644	-55.0472	1.1532
645	-55.0457	1.2701
646	-55.0452	1.1874
647	-55.0400	1.1943
648	-55.0346	1.2972
649	-55.0207	1.2009
650	-55.0089	1.1883
651	-55.0057	1.2349
652	-55.0004	1.2809
653	-54.9989	1.1246
654	-54.9872	1.1747
655	-54.9701	1.2062
656	-54.9452	1.2861
657	-54.9291	1.1950
658	-54.9286	1.2136
659	-54.9196	1.1891
660	-54.9165	1.2684
661	-54.9159	1.1755
662	-54.9157	1.2573
663	-54.9086	1.3369
664	-54.8995	1.1732
665	-54.8962	1.1699
666	-54.8878	1.2007
667	-54.8810	1.2562
668	-54.8790	1.3067
669	-54.8726	1.1771
670	-54.8705	1.2755
671	-54.8588	1.1538
672	-54.8472	1.1753
673	-54.8395	1.1996
674	-54.8338	1.3158
675	-54.8252	1.2959
676	-54.8181	1.2187
677	-54.8080	1.2060
678	-54.7959	1.2633
679	-54.7932	1.1664
680	-54.7877	1.2123
681	-54.7853	1.2533
682	-54.7516	1.2168
683	-54.7446	1.1929
684	-54.7366	1.2183
685	-54.7351	1.1915
686	-54.7350	1.1099
687	-54.7323	1.2697
688	-54.7290	1.2504
689	-54.7284	1.1313
690	-54.7239	1.2472
691	-54.7198	1.2393
692	-54.6945	1.1511
693	-54.6939	1.2288
694	-54.6920	1.2788
695	-54.6856	1.2750
696	-54.6782	1.1944
697	-54.6739	1.1838
698	-54.6678	1.2446
699	-54.6651	1.1474
700	-54.6647	1.2628
701	-54.6638	1.1976
702	-54.6431	1.2226
703	-54.6403	1.2231
704	-54.6377	1.2155
705	-54.6285	1.1896
706	-54.6276	1.2447
707	-54.6193	1.2476
708	-54.6172	1.1910
709	-54.6067	1.2706
710	-54.5962	1.2224
711	-54.5766	1.1966
712	-54.5731	1.2351
713	-54.5726	1.2392
714	-54.5695	1.2627
715	-54.5610	1.1739
716	-54.5588	1.2270
717	-54.5582	1.2489
718	-54.5581	1.2138
719	-54.5553	1.1585
720	-54.5179	1.3047
721	-54.5146	1.2194
722	-54.5030	1.2954
723	-54.4822	1.1930
724	-54.4778	1.2955
725	-54.4727	1.2278
726	-54.4698	1.2945
727	-54.4572	1.1529
728	-54.4543	1.2373
729	-54.4438	0.6819
730	-54.4396	1.3027
731	-54.4346	0.6349
732	-54.4327	0.5424
733	-54.4327	0.3858
734	-54.4327	0.4726
735	-54.4327	0.4192
736	-54.4327	0.5009
737	-54.4327	0.2183
738	-54.4327	0.3111
739	-54.4327	0.2764
740	-54.4327	0.2490
741	-54.4271	1.2223
742	-54.4199	1.3021
743	-54.4139	1.2471
744	-54.4113	1.1645
745	-54.3846	1.2125
746	-54.3841	1.2242
747	-54.3741	1.2432
748	-54.3520	1.2238
749	-54.3482	1.2473
750	-54.3464	1.3096
751	-54.3435	1.2571
752	-54.3405	1.2322
753	-54.3392	1.2389
754	-54.3354	1.2637
755	-54.2970	1.2577
756	-54.2894	1.3088
757	-54.2847	1.2006
758	-54.2844	1.2836
759	-54.2803	1.3109
760	-54.2685	1.2655
761	-54.2612	1.1554
762	-54.2522	1.3480
763	-54.2375	1.1453
764	-54.2294	1.2325
765	-54.2270	1.1976
766	-54.2257	1.1761
767	-54.2119	1.2777
768	-54.2118	1.2569
769	-54.1846	1.2030
770	-54.1638	1.2516
771	-54.1526	1.2989
772	-54.1486	1.2320
773	-54.1456	1.2605
774	-54.1454	0.6256
775	-54.1438	0.5244
776	-54.1438	0.3743
777	-54.1438	0.2507
778	-54.1438	0.3116
779	-54.1438	0.2837
780	-54.1394	1.2227
781	-54.1213	1.1931
782	-54.1207	1.1785
783	-54.1157	1.2105
784	-54.0890	1.2844
785	-54.0829	1.2729
786	-54.0636	1.1759
787	-54.0600	1.2025
788	-54.0564	1.0807
789	-54.0511	1.1324
790	-54.0503	1.1569
791	-54.0422	1.3067
792	-54.0337	1.1462
793	-54.0257	1.2225
794	-54.0225	1.1355
795	-54.0136	1.2116
796	-54.0105	1.1532
797	-53.9970	1.2014
798	-53.9968	1.2465
799	-53.9864	1.0877
800	-53.9773	1.2528
801	-53.9697	1.1367
802	-53.9582	1.1824
803	-53.9576	1.2305
804	-53.9514	1.2550
805	-53.9494	1.2966
806	-53.9412	1.2181
807	-53.9301	1.1156
808	-53.9276	1.1156
809	-53.9092	1.1895
810	-53.9083	1.0971
811	-53.9080	1.0971
812	-53.9038	1.1597
813	-53.8987	1.1956
814	-53.8931	1.2358
815	-53.8887	1.2544
816	-53.8860	1.1614
817	-53.8847	1.2612
818	-53.8837	1.2091
819	-53.8635	1.2367
820	-53.8557	1.2224
821	-53.8365	1.1890
822	-53.8207	1.2125
823	-53.8197	1.1741
824	-53.8067	1.2114
825	-53.7743	1.1517
826	-53.7705	1.1517
827	-53.7419	1.2736
828	-53.7384	1.2228
829	-53.7244	1.2446
830	-53.7239	1.2206
831	-53.7176	1.2718
832	-53.7175	1.1687
833	-53.6969	1.2205
834	-53.6937	1.1785
835	-53.6876	1.2192
836	-53.6810	1.2374
837	-53.6775	1.2754
838	-53.6768	1.1250
839	-53.6720	1.1818
840	-53.6669	1.1769
841	-53.6630	1.1713
842	-53.6609	1.1768
843	-53.6518	1.2426
844	-53.6381	1.1748
845	-53.6366	1.1409
846	-53.6205	1.2134
847	-53.6138	1.1802
848	-53.6125	1.1802
849	-53.6040	1.1340
850	-53.6033	0.6428
851	-53.5996	0.6070
852	-53.5993	0.5636
853	-53.5993	0.4306
854	-53.5993	0.4943
855	-53.5992	0.4611
856	-53.5985	1.1372
857	-53.5960	0.3709
858	-53.5960	0.2973
859	-53.5960	0.3961
860	-53.5921	1.1289
861	-53.5887	1.1396
862	-53.5840	1.2692
863	-53.5790	1.1988
864	-53.5787	1.1583
865	-53.5506	1.2392
866	-53.5420	1.1684
867	-53.5375	1.2095
868	-53.5332	1.2962
869	-53.5250	1.1676
870	-53.5203	1.1756
871	-53.5067	1.1799
872	-53.5063	1.1628
873	-53.5031	1.2244
874	-53.4952	1.2473
875	-53.4895	1.2085
876	-53.4866	1.2092
877	-53.4739	1.1452
878	-53.4686	1.1536
879	-53.4355	1.1802
880	-53.4353	1.1751
881	-53.4246	1.2645
882	-53.4230	1.2126
883	-53.4072	1.2405
884	-53.4059	1.2405
885	-53.4009	1.1876
886	-53.3921	1.1598
887	-53.3912	1.2259
888	-53.3721	1.1473
889	-53.3677	1.1015
890	-53.3672	1.1619
891	-53.3648	1.1619
892	-53.3543	1.1420
893	-53.3527	1.1233
894	-53.3502	1.1679
895	-53.3485	1.0431
896	-53.3281	1.2552
897	-53.3133	1.1628
898	-53.3040	1.2216
899	-53.2893	1.1758
900	-53.2831	1.3100
901	-53.2758	1.2098
902	-53.2626	1.2472
903	-53.2620	1.2108
904	-53.2580	1.2047
905	-53.2459	1.1997
906	-53.2408	1.2162
907	-53.2255	1.2269
908	-53.2180	1.2239
909	-53.2138	1.1882
910	-53.2104	1.2147
911	-53.2096	1.1839
912	-53.2038	1.1909
913	-53.2011	1.2080
914	-53.1949	1.2040
915	-53.1933	1.2133
916	-53.1929	1.2278
917	-53.1920	1.2081
918	-53.1883	1.2362
919	-53.1864	1.1521
920	-53.1765	1.1285
921	-53.1718	1.2380
922	-53.1642	1.3155
923	-53.1631	1.2565
924	-53.1451	1.2173
925	-53.1178	1.2366
926	-53.1154	1.0427
927	-53.1128	1.1953
928	-53.1119	1.1350
929	-53.0957	1.2392
930	-53.0948	1.2376
931	-53.0846	1.1967
932	-53.0783	1.2101
933	-53.0632	1.1559
934	-53.0620	1.1112
935	-53.0587	1.1583
936	-53.0573	1.1462
937	-53.0516	1.2279
938	-53.0375	1.2530
939	-53.0372	1.1289
940	-53.0352	1.2763
941	-53.0351	1.2557
942	-53.0346	1.0576
943	-53.0204	0.7267
944	-53.0200	1.2098
945	-53.0193	0.6496
946	-53.0193	0.6057
947	-53.0193	0.5221
948	-53.0187	0.4331
949	-53.0187	0.2995
950	-53.0153	1.2447
951	-53.0093	1.0295
952	-53.0086	1.1675
953	-52.9993	1.2751
954	-52.9982	1.2199
955	-52.9863	1.2590
956	-52.9659	1.1604
957	-52.9637	1.2468
958	-52.9599	1.2182
959	-52.9585	0.9863
960	-52.9514	1.0615
961	-52.9500	1.0616
962	-52.9457	1.2031
963	-52.9208	1.2495
964	-52.8847	1.0596
965	-52.8821	1.0595
966	-52.8805	1.2122
967	-52.8805	1.1519
968	-52.8549	1.2829
969	-52.8548	1.2280
970	-52.8471	1.2604
971	-52.8451	1.1759
972	-52.8357	1.2392
973	-52.8340	1.1524
974	-52.8307	1.2689
975	-52.8277	1.2848
976	-52.8267	1.3047
977	-52.8255	1.1634
978	-52.8234	1.2391
979	-52.8222	1.1644
980	-52.8190	1.1864
981	-52.8097	1.2297
982	-52.8090	1.2153
983	-52.8089	1.1813
984	-52.7866	1.2285
985	-52.7852	1.3161
986	-52.7850	1.2067
987	-52.7835	1.2224
988	-52.7791	1.1224
989	-52.7785	0.6276
990	-52.7777	0.5036
991	-52.7777	0.4038
992	-52.7777	0.3681
993	-52.7777	0.3178
994	-52.7645	1.1154
995	-52.7637	1.2745
996	-52.7438	1.0656
997	-52.7253	1.2007
998	-52.7212	1.1984
999	-52.7186	1.1434
1000	-52.7167	0.6258
1001	-52.7157	1.1736
1002	-52.7147	0.5353
1003	-52.7147	0.4778
1004	-52.7147	0.4425
1005	-52.7147	0.3931
1006	-52.7147	0.3395
1007	-52.7147	0.2559
1008	-52.7145	0.3141
1009	-52.7110	1.1697
1010	-52.7085	1.1761
1011	-52.6997	1.0058
1012	-52.6706	1.1932
1013	-52.6702	1.2256
1014	-52.6690	1.2181
1015	-52.6500	1.2974
1016	-52.6488	1.1983
1017	-52.6448	1.2654
1018	-52.6397	1.2653
1019	-52.6390	1.1787
1020	-52.6357	1.1920
1021	-52.6230	1.1774
1022	-52.5977	1.1745
1023	-52.5941	1.2008
1024	-52.5889	1.1731
1025	-52.5877	1.2197
1026	-52.5767	1.1950
1027	-52.5746	1.1892
1028	-52.5739	1.2660
1029	-52.5730	1.2660
1030	-52.5575	1.2626
1031	-52.5552	0.7210
1032	-52.5543	0.5795
1033	-52.5542	0.4759
1034	-52.5540	0.6201
1035	-52.5539	0.5062
1036	-52.5533	1.1558
1037	-52.5508	1.0198
1038	-52.5499	0.3765
1039	-52.5206	1.1813
1040	-52.5053	1.2278
1041	-52.5023	1.2382
1042	-52.4999	1.1684
1043	-52.4886	1.1763
1044	-52.4875	1.1943
1045	-52.4719	1.2197
1046	-52.4696	1.1377
1047	-52.4612	1.2030
1048	-52.4582	1.2125
1049	-52.4543	1.1756
1050	-52.4533	1.1800
1051	-52.4529	1.3223
1052	-52.4496	1.1475
1053	-52.4319	1.1749
1054	-52.4248	1.1809
1055	-52.4151	1.1691
1056	-52.4079	1.1797
1057	-52.3980	1.2052
1058	-52.3972	1.2303
1059	-52.3970	1.1464
1060	-52.3875	1.1949
1061	-52.3739	1.3161
1062	-52.3637	1.2419
1063	-52.3622	1.2037
1064	-52.3621	1.1090
1065	-52.3433	1.1022
1066	-52.3347	1.2214
1067	-52.3308	1.1756
1068	-52.3308	0.7320
1069	-52.3303	1.1484
1070	-52.3292	0.6758
1071	-52.3291	0.5647
1072	-52.3291	0.5342
1073	-52.3291	0.4342
1074	-52.3291	0.6035
1075	-52.3291	0.4609
1076	-52.3291	0.3161
1077	-52.3291	0.5021
1078	-52.3220	1.1973
1079	-52.3075	1.2398
1080	-52.3042	1.1149
1081	-52.2983	1.1090
1082	-52.2912	1.1646
1083	-52.2763	1.1420
1084	-52.2709	0.6826
1085	-52.2677	0.6466
1086	-52.2671	0.5828
1087	-52.2671	0.4798
1088	-52.2671	0.4512
1089	-52.2671	0.4112
1090	-52.2671	0.5352
1091	-52.2670	0.3057
1092	-52.2555	1.1750
1093	-52.2517	0.6116
1094	-52.2507	0.3713
1095	-52.2507	0.4699
1096	-52.2507	0.5287
1097	-52.2507	0.4100
1098	-52.2507	0.4953
1099	-52.2488	0.3149
1100	-52.2467	1.1072
1101	-52.2434	1.1452
1102	-52.2401	1.1311
1103	-52.2270	1.1685
1104	-52.2226	1.2148
1105	-52.2158	1.1926
1106	-52.1884	1.2613
1107	-52.1762	1.1518
1108	-52.1674	0.8771
1109	-52.1541	1.2034
1110	-52.1451	1.2306
1111	-52.1444	1.1776
1112	-52.1423	1.1626
1113	-52.1304	1.2891
1114	-52.1214	1.2082
1115	-52.1088	1.1478
1116	-52.1044	1.3115
1117	-52.0982	1.3103
1118	-52.0964	0.6199
1119	-52.0958	0.4329
1120	-52.0958	0.3514
1121	-52.0958	0.2837
1122	-52.0958	0.3979
1123	-52.0958	0.5358
1124	-52.0957	0.4815
1125	-52.0917	0.2383
1126	-52.0802	1.1616
1127	-52.0761	1.2129
1128	-52.0713	1.2247
1129	-52.0595	1.1781
1130	-52.0593	1.1115
1131	-52.0566	1.2361
1132	-52.0448	1.3044
1133	-52.0338	1.2334
1134	-52.0232	1.2232
1135	-52.0200	1.2232
1136	-52.0177	1.2241
1137	-52.0173	1.3081
1138	-52.0042	1.1858
1139	-52.0039	1.1721
1140	-51.9997	1.1039
1141	-51.9916	1.1456
1142	-51.9871	1.1409
1143	-51.9821	1.1876
1144	-51.9818	1.1656
1145	-51.9797	1.2350
1146	-51.9631	1.1944
1147	-51.9527	1.1838
1148	-51.9424	1.2021
1149	-51.9375	0.6411
1150	-51.9365	0.5568
1151	-51.9365	0.4886
1152	-51.9365	0.5202
1153	-51.9365	0.4493
1154	-51.9365	0.3688
1155	-51.9365	0.4118
1156	-51.9365	0.3167
1157	-51.9336	1.1610
1158	-51.9301	0.2698
1159	-51.9298	1.0389
1160	-51.9272	1.2138
1161	-51.9209	1.1342
1162	-51.9191	1.1579
1163	-51.9129	1.1867
1164	-51.9002	1.1861
1165	-51.8856	1.1742
1166	-51.8851	1.2086
1167	-51.8849	1.2562
1168	-51.8812	1.2253
1169	-51.8760	1.1781
1170	-51.8750	1.2553
1171	-51.8581	1.1116
1172	-51.8469	1.3064
1173	-51.8417	1.1805
1174	-51.8300	1.1830
1175	-51.8263	1.1881
1176	-51.8253	1.1992
1177	-51.8232	1.1384
1178	-51.8172	1.0890
1179	-51.8166	1.0995
1180	-51.8132	1.2006
1181	-51.8120	1.1965
1182	-51.8114	1.1691
1183	-51.8112	1.2061
1184	-51.8084	1.1488
1185	-51.8063	1.2206
1186	-51.8022	1.1350
1187	-51.7944	1.1653
1188	-51.7915	1.2312
