Folder   CrystalOptimizer_Utot (kJ/mol)   CrystalOptimizer_Density (g/cm3)
1          -76.66313                      1.342700                      
2          -75.23127                      1.421800                      
3          -75.19112                      1.375600                      
4          -75.15210                      1.422400                      
5          -75.06347                      1.395700                      
6          -74.78011                      1.328400                      
7          -74.50440                      1.415400                      
8          -74.25055                      1.412600                      
9          -74.06527                      1.347200                      
10         -73.58792                      1.344100                      
11         -73.45174                      1.427300                      
12         -73.22412                      1.424200                      
13         -73.20180                      1.327100                      
14         -72.88257                      1.331900                      
15         -72.65150                      1.359200                      
16         -72.49862                      1.387500                      
17         -72.49222                      1.346800                      
18         -72.28980                      1.351200                      
19         -72.15551                      1.311500                      
20         -71.94903                      1.378100                      
21         -71.74647                      1.341100                      
22         -71.70302                      1.328200                      
23         -71.62088                      1.391300                      
24         -71.58196                      1.342200                      
25         -71.57256                      1.355800                      
26         -71.54212                      1.334600                      
27         -71.41757                      1.401500                      
28         -71.33265                      1.315800                      
29         -71.24641                      1.400100                      
30         -70.96126                      1.379100                      
31         -70.93143                      1.312200                      
32         -70.87963                      1.304200                      
33         -70.86678                      1.322200                      
34         -70.72551                      1.314500                      
35         -70.64599                      1.331000                      
36         -70.49248                      1.354700                      
37         -70.49001                      1.385900                      
38         -70.46301                      1.375300                      
39         -70.45259                      1.336800                      
40         -70.24254                      1.362800                      
41         -70.17032                      1.322100                      
42         -70.13402                      1.307900                      
43         -70.12078                      1.341200                      
44         -70.00509                      1.350200                      
45         -69.76283                      1.373400                      
46         -69.65528                      1.342600                      
47         -69.49987                      1.336400                      
48         -69.29348                      1.363800                      
49         -69.09136                      1.265500                      
50         -69.07233                      1.295300                      
51         -68.99491                      1.368400                      
52         -68.93718                      1.314400                      
53         -68.93274                      1.308800                      
54         -68.91211                      1.329500                      
55         -68.90768                      1.385300                      
56         -68.89546                      1.284600                      
57         -68.88460                      1.320200                      
58         -68.87678                      1.322200                      
59         -68.81619                      1.309700                      
60         -68.69652                      1.294400                      
61         -68.69495                      1.342000                      
62         -68.61825                      1.298800                      
63         -68.57640                      1.313500                      
64         -68.54557                      1.288800                      
65         -68.47888                      1.294700                      
66         -68.44548                      1.329700                      
67         -68.29771                      1.331900                      
68         -68.20866                      1.289000                      
69         -67.99087                      1.305400                      
70         -67.94617                      1.287100                      
71         -67.71213                      1.366700                      
72         -67.70133                      1.281600                      
73         -67.68592                      1.316400                      
74         -67.68339                      1.329300                      
75         -67.67520                      1.376400                      
76         -67.66559                      1.410700                      
77         -67.62169                      1.346300                      
78         -67.56724                      1.296100                      
79         -67.44120                      1.364300                      
80         -67.43633                      1.295000                      
81         -67.43555                      1.336000                      
82         -67.39597                      1.301800                      
83         -67.35208                      1.382600                      
84         -67.32172                      1.294200                      
85         -67.31750                      1.385400                      
86         -67.28424                      1.349800                      
87         -67.23998                      1.317000                      
88         -67.16839                      1.305500                      
89         -67.11803                      1.304400                      
90         -67.11128                      1.302300                      
91         -67.10049                      1.283900                      
92         -67.09711                      1.395100                      
93         -67.04066                      1.357000                      
94         -67.03496                      1.258400                      
95         -67.02286                      1.363300                      
96         -67.00423                      1.288700                      
97         -66.99840                      1.270200                      
98         -66.99499                      1.319200                      
99         -66.93033                      1.300100                      
100        -66.90647                      1.282000                      
101        -66.89218                      1.302600                      
102        -66.88953                      1.251900                      
103        -66.85870                      1.334900                      
104        -66.79496                      1.308600                      
105        -66.78684                      1.272600                      
106        -66.78209                      1.251600                      
107        -66.69438                      1.262900                      
108        -66.60272                      1.246800                      
109        -66.58229                      1.369200                      
110        -66.57652                      1.292100                      
111        -66.57443                      1.314200                      
112        -66.52036                      1.336600                      
113        -66.45385                      1.362500                      
114        -66.44463                      1.276900                      
115        -66.42204                      1.350400                      
116        -66.36505                      1.320700                      
117        -66.31119                      1.264500                      
118        -66.26503                      1.309200                      
119        -66.26084                      1.301600                      
120        -66.24534                      1.400200                      
121        -66.24110                      1.300700                      
122        -66.22854                      1.320400                      
123        -66.21869                      1.267600                      
124        -66.13696                      1.337500                      
125        -66.09751                      1.270300                      
126        -65.97232                      1.358500                      
127        -65.93735                      1.290600                      
128        -65.93456                      1.276000                      
129        -65.92270                      1.306500                      
130        -65.89032                      1.259500                      
131        -65.87000                      1.344600                      
132        -65.82356                      1.345000                      
133        -65.80288                      1.255100                      
134        -65.80180                      1.332800                      
135        -65.79449                      1.385000                      
136        -65.79060                      1.324900                      
137        -65.75245                      1.404500                      
138        -65.75229                      1.287000                      
139        -65.73962                      1.345900                      
140        -65.73866                      1.355100                      
141        -65.72463                      1.293000                      
142        -65.70768                      1.334400                      
143        -65.68864                      1.258400                      
144        -65.62286                      1.364100                      
145        -65.61843                      1.268800                      
146        -65.60083                      1.262400                      
147        -65.52499                      1.290400                      
148        -65.50918                      1.335100                      
149        -65.49585                      1.250500                      
150        -65.45495                      1.303900                      
151        -65.43899                      1.355300                      
152        -65.42239                      1.261200                      
153        -65.41599                      1.268800                      
154        -65.41169                      1.285300                      
155        -65.39127                      1.322700                      
156        -65.37189                      1.292300                      
157        -65.35904                      1.310400                      
158        -65.35365                      1.285900                      
159        -65.31043                      1.270700                      
160        -65.28818                      1.316900                      
161        -65.24665                      1.327000                      
162        -65.21364                      1.267400                      
163        -65.17374                      1.235800                      
164        -65.03287                      1.296400                      
165        -64.99558                      1.351800                      
166        -64.96504                      1.359800                      
167        -64.96269                      1.251200                      
168        -64.89683                      1.264700                      
169        -64.86474                      1.331100                      
170        -64.85998                      1.276200                      
171        -64.85906                      1.305900                      
172        -64.82943                      1.308900                      
173        -64.80111                      1.367200                      
174        -64.76498                      1.273400                      
175        -64.74897                      1.301600                      
176        -64.64106                      1.266800                      
177        -64.63783                      1.244900                      
178        -64.61663                      1.274600                      
179        -64.59451                      1.275800                      
180        -64.58283                      1.250300                      
181        -64.57734                      1.350900                      
182        -64.49335                      1.330600                      
183        -64.47999                      1.335500                      
184        -64.45121                      1.277800                      
185        -64.43566                      1.266900                      
186        -64.40017                      1.367900                      
187        -64.38549                      1.255100                      
188        -64.37446                      1.251100                      
189        -64.35810                      1.290300                      
190        -64.33565                      1.256500                      
191        -64.33488                      1.302300                      
192        -64.31681                      1.299800                      
193        -64.30692                      1.256700                      
194        -64.29369                      1.290400                      
195        -64.24080                      1.223400                      
196        -64.22399                      1.360400                      
197        -64.17289                      1.341300                      
198        -64.14693                      1.291400                      
199        -64.07460                      1.282000                      
200        -64.07181                      1.373500                      
201        -64.06334                      1.382600                      
202        -64.04608                      1.267900                      
203        -64.04157                      1.300400                      
204        -64.03463                      1.242800                      
205        -64.02180                      1.247300                      
206        -64.00707                      1.328400                      
207        -64.00335                      1.290200                      
208        -63.98745                      1.351000                      
209        -63.96980                      1.266400                      
210        -63.92232                      1.220500                      
211        -63.91475                      1.276500                      
212        -63.86383                      1.354500                      
213        -63.84292                      1.225900                      
214        -63.83132                      1.364200                      
215        -63.80286                      1.268500                      
216        -63.79226                      1.223800                      
217        -63.74555                      1.320300                      
218        -63.71474                      1.250200                      
219        -63.68496                      1.247100                      
220        -63.68030                      1.236100                      
221        -63.66835                      1.294500                      
222        -63.66733                      1.306200                      
223        -63.65879                      1.244500                      
224        -63.61706                      1.217300                      
225        -63.61057                      1.266700                      
226        -63.59547                      1.173500                      
227        -63.59458                      1.343800                      
228        -63.59133                      1.351600                      
229        -63.58098                      1.246800                      
230        -63.55547                      1.307500                      
231        -63.51979                      1.271200                      
232        -63.47634                      1.288900                      
233        -63.44805                      1.261400                      
234        -63.44691                      1.339000                      
235        -63.43481                      1.245800                      
236        -63.43126                      1.337300                      
237        -63.43001                      1.287100                      
238        -63.37186                      1.360500                      
239        -63.23740                      1.289200                      
240        -63.22982                      1.342500                      
241        -63.21201                      1.314100                      
242        -63.20892                      1.225100                      
243        -63.20337                      1.363700                      
244        -63.19803                      1.325200                      
245        -63.17898                      1.200000                      
246        -63.17450                      1.222000                      
247        -63.16496                      1.280000                      
248        -63.13396                      1.239000                      
249        -63.11593                      1.197300                      
250        -63.00104                      1.237400                      
251        -62.95622                      1.248900                      
252        -62.94253                      1.253800                      
253        -62.92735                      1.288200                      
254        -62.89084                      1.223700                      
255        -62.89055                      1.250600                      
256        -62.88897                      1.299500                      
257        -62.87687                      1.245100                      
258        -62.87085                      1.242100                      
259        -62.84939                      1.334000                      
260        -62.84250                      1.373200                      
261        -62.83402                      1.224300                      
262        -62.73942                      1.268300                      
263        -62.73381                      1.249400                      
264        -62.73075                      1.234600                      
265        -62.72368                      1.253300                      
266        -62.69842                      1.319800                      
267        -62.68824                      1.342300                      
268        -62.67335                      1.295800                      
269        -62.65202                      1.272500                      
270        -62.65123                      1.327000                      
271        -62.61562                      1.277000                      
272        -62.61457                      1.263300                      
273        -62.60129                      1.195800                      
274        -62.58368                      1.275300                      
275        -62.55974                      1.230300                      
276        -62.53696                      1.280200                      
277        -62.53492                      1.223500                      
278        -62.49103                      1.326100                      
279        -62.46984                      1.166100                      
280        -62.45749                      1.272100                      
281        -62.45540                      1.229400                      
282        -62.45060                      1.248000                      
283        -62.40587                      1.224400                      
284        -62.40143                      1.238000                      
285        -62.39814                      1.191600                      
286        -62.38520                      1.284000                      
287        -62.34671                      1.203000                      
288        -62.32903                      1.342400                      
289        -62.31800                      1.249000                      
290        -62.31465                      1.276800                      
291        -62.29707                      1.216800                      
292        -62.28779                      1.264900                      
293        -62.26217                      1.359800                      
294        -62.22218                      1.330500                      
295        -62.19527                      1.326800                      
296        -62.18769                      1.333100                      
297        -62.18279                      1.310900                      
298        -62.16813                      1.268600                      
299        -62.14273                      1.289500                      
300        -62.10548                      1.261600                      
301        -62.10150                      1.234300                      
302        -62.08677                      1.245700                      
303        -62.02495                      1.253600                      
304        -62.01069                      1.265200                      
305        -61.98032                      1.296200                      
306        -61.96785                      1.274900                      
307        -61.96642                      1.271200                      
308        -61.96188                      1.185900                      
309        -61.95518                      1.191300                      
310        -61.95177                      1.324200                      
311        -61.94631                      1.271800                      
312        -61.92424                      1.257200                      
313        -61.90959                      1.278000                      
314        -61.89422                      1.143200                      
315        -61.88590                      1.229300                      
316        -61.83694                      1.190400                      
317        -61.83501                      1.247200                      
318        -61.82613                      1.351800                      
319        -61.80200                      1.232700                      
320        -61.74722                      1.320600                      
321        -61.74705                      1.270600                      
322        -61.74612                      1.295800                      
323        -61.74114                      1.180500                      
324        -61.74013                      1.284900                      
325        -61.69871                      1.259800                      
326        -61.69347                      1.234100                      
327        -61.67640                      1.151500                      
328        -61.66486                      1.279600                      
329        -61.65723                      1.342700                      
330        -61.65339                      1.274100                      
331        -61.64112                      1.251400                      
332        -61.62575                      1.206200                      
333        -61.60826                      1.138500                      
334        -61.60636                      1.202200                      
335        -61.56371                      1.284500                      
336        -61.56245                      1.228300                      
337        -61.55254                      1.301000                      
338        -61.55113                      1.271800                      
339        -61.54826                      1.209300                      
340        -61.52884                      1.215200                      
341        -61.52654                      1.229200                      
342        -61.52316                      1.303700                      
343        -61.51076                      1.237700                      
344        -61.50185                      1.317800                      
345        -61.49939                      1.211800                      
346        -61.48364                      1.260600                      
347        -61.44651                      1.221900                      
348        -61.43658                      1.298800                      
349        -61.39779                      1.267400                      
350        -61.37979                      1.217200                      
351        -61.35839                      1.387100                      
352        -61.34909                      1.346000                      
353        -61.34079                      1.241800                      
354        -61.33737                      1.230400                      
355        -61.33603                      1.269000                      
356        -61.33233                      1.185900                      
357        -61.32843                      1.244600                      
358        -61.30697                      1.261000                      
359        -61.29839                      1.318800                      
360        -61.29355                      1.255000                      
361        -61.24651                      1.253400                      
362        -61.20415                      1.335000                      
363        -61.17384                      1.240200                      
364        -61.16309                      1.122600                      
365        -61.15088                      1.208900                      
366        -61.15016                      1.220600                      
367        -61.11984                      1.199800                      
368        -61.11728                      1.270700                      
369        -61.09564                      1.276900                      
370        -61.07194                      1.211600                      
371        -61.06727                      1.243100                      
372        -61.06690                      1.237100                      
373        -61.03564                      1.332600                      
374        -61.01947                      1.273100                      
375        -61.01879                      1.167100                      
376        -61.01529                      1.281100                      
377        -60.98181                      1.219700                      
378        -60.98003                      1.287200                      
379        -60.94880                      1.253900                      
380        -60.94506                      1.228700                      
381        -60.94057                      1.251500                      
382        -60.93772                      1.229700                      
383        -60.92048                      1.214900                      
384        -60.92027                      1.244600                      
385        -60.91215                      1.241100                      
386        -60.90687                      1.197000                      
387        -60.90598                      1.257500                      
388        -60.90415                      1.275300                      
389        -60.86392                      1.259100                      
390        -60.86360                      1.246500                      
391        -60.85413                      1.232300                      
392        -60.84746                      1.266100                      
393        -60.83298                      1.294300                      
394        -60.83184                      1.283200                      
395        -60.81214                      1.196000                      
396        -60.79910                      1.324400                      
397        -60.79896                      1.178900                      
398        -60.77740                      1.298200                      
399        -60.77649                      1.255700                      
400        -60.76785                      1.228300                      
401        -60.72536                      1.278800                      
402        -60.71855                      1.319900                      
403        -60.70164                      1.339200                      
404        -60.69415                      1.295300                      
405        -60.67415                      1.225500                      
406        -60.66170                      1.215900                      
407        -60.65677                      1.267100                      
408        -60.63477                      1.220800                      
409        -60.61671                      1.247200                      
410        -60.60733                      1.221200                      
411        -60.60669                      1.356600                      
412        -60.60411                      1.340600                      
413        -60.58834                      1.303400                      
414        -60.58226                      1.320100                      
415        -60.57859                      1.170800                      
416        -60.57315                      1.160200                      
417        -60.55168                      1.216300                      
418        -60.54893                      1.257900                      
419        -60.54278                      1.130400                      
420        -60.53623                      1.321600                      
421        -60.51029                      1.283300                      
422        -60.50040                      1.210900                      
423        -60.48970                      1.272100                      
424        -60.45444                      1.215300                      
425        -60.45315                      1.310100                      
426        -60.43735                      1.171800                      
427        -60.43525                      1.332300                      
428        -60.42125                      1.298900                      
429        -60.41087                      1.266200                      
430        -60.39888                      1.181800                      
431        -60.37358                      1.210700                      
432        -60.34638                      1.235900                      
433        -60.32659                      1.306200                      
434        -60.32312                      1.253600                      
435        -60.32310                      1.291600                      
436        -60.31512                      1.240500                      
437        -60.30110                      1.236500                      
438        -60.29724                      1.229200                      
439        -60.27478                      1.290800                      
440        -60.24991                      1.244000                      
441        -60.21471                      1.237000                      
442        -60.21006                      1.259400                      
443        -60.18746                      1.198500                      
444        -60.16386                      1.184800                      
445        -60.14583                      1.334100                      
446        -60.14035                      1.258800                      
447        -60.13223                      1.354500                      
448        -60.12135                      1.244000                      
449        -60.10362                      1.279300                      
450        -60.09551                      1.240500                      
451        -60.08298                      1.322600                      
452        -60.08232                      1.152800                      
453        -60.06676                      1.165500                      
454        -60.06254                      1.212800                      
455        -60.05732                      1.249700                      
456        -60.03819                      1.119200                      
457        -60.03308                      1.304400                      
458        -60.01358                      1.292500                      
459        -60.01294                      1.212300                      
460        -60.00219                      1.241200                      
461        -60.00047                      1.201600                      
462        -59.98342                      1.252500                      
463        -59.97865                      1.229300                      
464        -59.96731                      1.283200                      
465        -59.92128                      1.263700                      
466        -59.91558                      1.239600                      
467        -59.91412                      1.279600                      
468        -59.90075                      1.276000                      
469        -59.89137                      1.273500                      
470        -59.88902                      1.259900                      
471        -59.86205                      1.279300                      
472        -59.84626                      1.189600                      
473        -59.83542                      1.234100                      
474        -59.83358                      1.242100                      
475        -59.82048                      1.226100                      
476        -59.81283                      1.227400                      
477        -59.79904                      1.310400                      
478        -59.78231                      1.276900                      
479        -59.75957                      1.123200                      
480        -59.75470                      1.330300                      
481        -59.74699                      1.294000                      
482        -59.73449                      1.180900                      
483        -59.73376                      1.288000                      
484        -59.71942                      1.217000                      
485        -59.70958                      1.253300                      
486        -59.69656                      1.325800                      
487        -59.69491                      1.288500                      
488        -59.67613                      1.247500                      
489        -59.65590                      1.228500                      
490        -59.64651                      1.211000                      
491        -59.61871                      1.315600                      
492        -59.59990                      1.103800                      
493        -59.55684                      1.297700                      
494        -59.55223                      1.201300                      
495        -59.53302                      1.383100                      
496        -59.52843                      1.283500                      
497        -59.51087                      1.261000                      
498        -59.50856                      1.215200                      
499        -59.50541                      1.231300                      
500        -59.50165                      1.161800                      
501        -59.49591                      1.124200                      
502        -59.49100                      1.232400                      
503        -59.47776                      1.281100                      
504        -59.47476                      1.240700                      
505        -59.47272                      1.270000                      
506        -59.47075                      1.309600                      
507        -59.46725                      1.273500                      
508        -59.45800                      1.202800                      
509        -59.45398                      1.156400                      
510        -59.44835                      1.283200                      
511        -59.41720                      1.211300                      
512        -59.39815                      1.251600                      
513        -59.39647                      1.229600                      
514        -59.39633                      1.266800                      
515        -59.39242                      1.253700                      
516        -59.38800                      1.228400                      
517        -59.33663                      1.336500                      
518        -59.33168                      1.262000                      
519        -59.29419                      1.217100                      
520        -59.28847                      1.186400                      
521        -59.26530                      1.194700                      
522        -59.26189                      1.216500                      
523        -59.26177                      1.203200                      
524        -59.25736                      1.225200                      
525        -59.25197                      1.159400                      
526        -59.24970                      1.240300                      
527        -59.24539                      1.249200                      
528        -59.23891                      1.266200                      
529        -59.20467                      1.210600                      
530        -59.20255                      1.279800                      
531        -59.19506                      1.242400                      
532        -59.18573                      1.258400                      
533        -59.16285                      1.169500                      
534        -59.15857                      1.226200                      
535        -59.15828                      1.273600                      
536        -59.15247                      1.162000                      
537        -59.13659                      1.231100                      
538        -59.10650                      1.237800                      
539        -59.09894                      1.206900                      
540        -59.09377                      1.203900                      
541        -59.08003                      1.213700                      
542        -59.02889                      1.281700                      
543        -59.01812                      1.193900                      
544        -59.00483                      1.208400                      
545        -58.99517                      1.300000                      
546        -58.97589                      1.278300                      
547        -58.96871                      1.266000                      
548        -58.93350                      1.163800                      
549        -58.92942                      1.201300                      
550        -58.91110                      1.291200                      
551        -58.90802                      1.239600                      
552        -58.90030                      1.236400                      
553        -58.89057                      1.245800                      
554        -58.83563                      1.333900                      
555        -58.81476                      1.220900                      
556        -58.81025                      1.176800                      
557        -58.79171                      1.269500                      
558        -58.77447                      1.240600                      
559        -58.76064                      1.192900                      
560        -58.75239                      1.210200                      
561        -58.74521                      1.234900                      
562        -58.74367                      1.215100                      
563        -58.70464                      1.151300                      
564        -58.69092                      1.260800                      
565        -58.67625                      1.196800                      
566        -58.66768                      1.273900                      
567        -58.65824                      1.180600                      
568        -58.64739                      1.224200                      
569        -58.63507                      1.139900                      
570        -58.63272                      1.362600                      
571        -58.61992                      1.258000                      
572        -58.61329                      1.294800                      
573        -58.60593                      1.164500                      
574        -58.58305                      1.277100                      
575        -58.56753                      1.239200                      
576        -58.56642                      1.195100                      
577        -58.55674                      1.164600                      
578        -58.53803                      1.332500                      
579        -58.51993                      1.293800                      
580        -58.49965                      1.234600                      
581        -58.49962                      1.273700                      
582        -58.49209                      1.241300                      
583        -58.46970                      1.278300                      
584        -58.45548                      1.314700                      
585        -58.44103                      1.234000                      
586        -58.42207                      1.142700                      
587        -58.41077                      1.194200                      
588        -58.39911                      1.178600                      
589        -58.39505                      1.188900                      
590        -58.38558                      1.231200                      
591        -58.38099                      1.222700                      
592        -58.38084                      1.114200                      
593        -58.37829                      1.220500                      
594        -58.37570                      1.235700                      
595        -58.36859                      1.173600                      
596        -58.36578                      1.200500                      
597        -58.34276                      1.202900                      
598        -58.34012                      1.175100                      
599        -58.29006                      1.264700                      
600        -58.28514                      1.180300                      
601        -58.26160                      1.240100                      
602        -58.24282                      1.257700                      
603        -58.23807                      1.165900                      
604        -58.23461                      1.307100                      
605        -58.22720                      1.276100                      
606        -58.21993                      1.249400                      
607        -58.21879                      1.282700                      
608        -58.20534                      1.220800                      
609        -58.18959                      1.224100                      
610        -58.17439                      1.262600                      
611        -58.15844                      1.292200                      
612        -58.10948                      1.162500                      
613        -58.09861                      1.221400                      
614        -58.08535                      1.281200                      
615        -58.07959                      1.249900                      
616        -58.07889                      1.257800                      
617        -58.07183                      1.243000                      
618        -58.06920                      1.250600                      
619        -58.01990                      1.157700                      
620        -58.01632                      1.262600                      
621        -58.01023                      1.160100                      
622        -58.00743                      1.236400                      
623        -58.00522                      1.278500                      
624        -57.96906                      1.213300                      
625        -57.96714                      1.236000                      
626        -57.96573                      1.215400                      
627        -57.94098                      1.204600                      
628        -57.94026                      1.227600                      
629        -57.92470                      1.265100                      
630        -57.91120                      1.249800                      
631        -57.89685                      1.278100                      
632        -57.89023                      1.225200                      
633        -57.86648                      1.159800                      
634        -57.86103                      1.223900                      
635        -57.83672                      1.324700                      
636        -57.80887                      1.274400                      
637        -57.79000                      1.269800                      
638        -57.78066                      1.132900                      
639        -57.77112                      1.271700                      
640        -57.76476                      1.252700                      
641        -57.73423                      1.270100                      
642        -57.71846                      1.202100                      
643        -57.69773                      1.265400                      
644        -57.69512                      1.165000                      
645        -57.68939                      1.214400                      
646        -57.66744                      1.288400                      
647        -57.61632                      1.289200                      
648        -57.59240                      1.240400                      
649        -57.58878                      1.160900                      
650        -57.57942                      1.224900                      
651        -57.57529                      1.209000                      
652        -57.56077                      1.273700                      
653        -57.49560                      1.258500                      
654        -57.48527                      1.225300                      
655        -57.48419                      1.110900                      
656        -57.48125                      1.227700                      
657        -57.47067                      1.209600                      
658        -57.46992                      1.207800                      
659        -57.46026                      1.252800                      
660        -57.43360                      1.171100                      
661        -57.43016                      1.216900                      
662        -57.39922                      1.212900                      
663        -57.39354                      1.209400                      
664        -57.38442                      1.298700                      
665        -57.38139                      1.319100                      
666        -57.35701                      1.205300                      
667        -57.35661                      1.154600                      
668        -57.32433                      1.212200                      
669        -57.31906                      1.173500                      
670        -57.31757                      1.251400                      
671        -57.31718                      1.137300                      
672        -57.29978                      1.243700                      
673        -57.29856                      1.191700                      
674        -57.27878                      1.275300                      
675        -57.27739                      1.253800                      
676        -57.23867                      1.256900                      
677        -57.23632                      1.184300                      
678        -57.22632                      1.269200                      
679        -57.21736                      1.061900                      
680        -57.21674                      1.312000                      
681        -57.17576                      1.228000                      
682        -57.17550                      1.309400                      
683        -57.16078                      1.274900                      
684        -57.15509                      1.158700                      
685        -57.15424                      1.280900                      
686        -57.14346                      1.286400                      
687        -57.13504                      1.153100                      
688        -57.13483                      1.226700                      
689        -57.12563                      1.236100                      
690        -57.12354                      1.273200                      
691        -57.09665                      1.316700                      
692        -57.08120                      1.189600                      
693        -57.06789                      1.214400                      
694        -57.05834                      1.239900                      
695        -57.04863                      1.193600                      
696        -57.00140                      1.217200                      
697        -56.99602                      1.190400                      
698        -56.99001                      1.197600                      
699        -56.98927                      1.270000                      
700        -56.97625                      1.326600                      
701        -56.94581                      1.268100                      
702        -56.92633                      1.275500                      
703        -56.92485                      1.235000                      
704        -56.90732                      1.201100                      
705        -56.90082                      1.231600                      
706        -56.88714                      1.329900                      
707        -56.88000                      1.233700                      
708        -56.87613                      1.232300                      
709        -56.86754                      1.218200                      
710        -56.85867                      1.228900                      
711        -56.85097                      1.299000                      
712        -56.84992                      1.253400                      
713        -56.84566                      1.014600                      
714        -56.83983                      1.221100                      
715        -56.83446                      1.171400                      
716        -56.81464                      1.215800                      
717        -56.78862                      1.191200                      
718        -56.78733                      1.148500                      
719        -56.77963                      1.230600                      
720        -56.75426                      1.229500                      
721        -56.75421                      1.012900                      
722        -56.75406                      1.330900                      
723        -56.73347                      1.188700                      
724        -56.73095                      1.073400                      
725        -56.72486                      1.273700                      
726        -56.71518                      1.204300                      
727        -56.70931                      1.156100                      
728        -56.65411                      1.211000                      
729        -56.63534                      1.224400                      
730        -56.63366                      1.185900                      
731        -56.61451                      1.211800                      
732        -56.61178                      1.271500                      
733        -56.58827                      1.255900                      
734        -56.56008                      1.200800                      
735        -56.54809                      1.179100                      
736        -56.53112                      1.188000                      
737        -56.53044                      1.240900                      
738        -56.52503                      1.217500                      
739        -56.50304                      1.117300                      
740        -56.48513                      1.172200                      
741        -56.47052                      1.274600                      
742        -56.46391                      1.195700                      
743        -56.44149                      1.137700                      
744        -56.43617                      1.226300                      
745        -56.39366                      1.200200                      
746        -56.38790                      1.220400                      
747        -56.38367                      1.280300                      
748        -56.35914                      1.257700                      
749        -56.32097                      1.316700                      
750        -56.29863                      1.211500                      
751        -56.27577                      1.180700                      
752        -56.26115                      1.189000                      
753        -56.25686                      1.203100                      
754        -56.23193                      1.243000                      
755        -56.21237                      1.201200                      
756        -56.17732                      1.188400                      
757        -56.15950                      1.066000                      
758        -56.00033                      1.224600                      
759        -55.97803                      1.253000                      
760        -55.96689                      1.176600                      
761        -55.96263                      1.208000                      
762        -55.94265                      1.172300                      
763        -55.93913                      1.219700                      
764        -55.93813                      1.224600                      
765        -55.89479                      1.212000                      
766        -55.88639                      1.188000                      
767        -55.88064                      1.269500                      
768        -55.87763                      1.174700                      
769        -55.87384                      1.220100                      
770        -55.86472                      1.215400                      
771        -55.86045                      1.290200                      
772        -55.85353                      1.197800                      
773        -55.83872                      1.277100                      
774        -55.78289                      1.324800                      
775        -55.75112                      1.176000                      
776        -55.74781                      1.229600                      
777        -55.74039                      1.208100                      
778        -55.69793                      1.171700                      
779        -55.64737                      1.181000                      
780        -55.60897                      1.236400                      
781        -55.60607                      0.887000                      
782        -55.58980                      1.117400                      
783        -55.58358                      1.149900                      
784        -55.58077                      1.201100                      
785        -55.54430                      1.216400                      
786        -55.49332                      1.190200                      
787        -55.47447                      1.163400                      
788        -55.40311                      1.210600                      
789        -55.39742                      1.212400                      
790        -55.38850                      1.230700                      
791        -55.37781                      1.195800                      
792        -55.35868                      1.219600                      
793        -55.33998                      1.207100                      
794        -55.33951                      1.177500                      
795        -55.27316                      1.326200                      
796        -55.19684                      1.222900                      
797        -55.17149                      1.174400                      
798        -55.17100                      1.224900                      
799        -55.16261                      1.194400                      
800        -55.01715                      1.161200                      
801        -55.01567                      1.322500                      
802        -55.00764                      1.202800                      
803        -54.91778                      1.300100                      
804        -54.91411                      0.607400                      
805        -54.87306                      1.272300                      
806        -54.82715                      1.283600                      
807        -54.78872                      1.202400                      
808        -54.66391                      1.180600                      
809        -54.63534                      1.249200                      
810        -54.45413                      1.247500                      
811        -54.42730                      1.182100                      
812        -54.42598                      1.248200                      
813        -54.27726                      1.166200                      
814        -54.17687                      1.273700                      
815        -54.17172                      1.191900                      
816        -53.86775                      1.241700                      
817        -53.64374                      1.320400                      
818        -53.06722                      1.307800                      
819        -52.96620                      1.319900                      
820        -50.43781                      0.620500                      
